Stock Code: 000069
Order book at 2020-01-10 09:30:00
Bid side:
    price  order_qty
79   7.78   116300.0
78   7.77   249200.0
77   7.76     1500.0
76   7.75    23700.0
75   7.74   293700.0
74   7.73    95500.0
73   7.72    29400.0
72   7.71    52000.0
71   7.70    27600.0
70   7.69   129100.0
Offer side:
   price  order_qty
0   7.79   128200.0
1   7.80   104413.0
2   7.81     6100.0
3   7.82    97600.0
4   7.83   101300.0
5   7.84    74000.0
6   7.85    69000.0
7   7.86    17000.0
8   7.87    64700.0
9   7.88    13700.0
Stock Code: 000069
Order book at 2020-01-10 10:30:00
Bid side:
    price  order_qty
68   7.66   100241.0
67   7.65   553400.0
66   7.64   221193.0
65   7.63   163000.0
64   7.62   326500.0
63   7.61   286500.0
62   7.60   493700.0
61   7.59   154000.0
60   7.58   159300.0
59   7.57    66000.0
Offer side:
   price  order_qty
0   7.67    79500.0
1   7.68    46800.0
2   7.69    36400.0
3   7.70    47000.0
4   7.71    38600.0
5   7.72    72800.0
6   7.73    66700.0
7   7.74    14500.0
8   7.75    98500.0
9   7.76    99400.0
Stock Code: 000069
Order book at 2020-01-10 13:30:00
Bid side:
    price  order_qty
67   7.65   218000.0
66   7.64   408893.0
65   7.63   315900.0
64   7.62   395400.0
63   7.61   418000.0
62   7.60  1106100.0
61   7.59   172900.0
60   7.58   277500.0
59   7.57    86600.0
58   7.56   113400.0
Offer side:
   price  order_qty
0   7.66    72250.0
1   7.67   168200.0
2   7.68   121700.0
3   7.69   101400.0
4   7.70   101400.0
5   7.71    63000.0
6   7.72    80800.0
7   7.73    37200.0
8   7.74    43000.0
9   7.75   211600.0
Stock Code: 000566
Order book at 2020-01-10 09:30:00
Bid side:
    price  order_qty
28   6.15    34600.0
27   6.13    53100.0
26   6.12     4000.0
25   6.10    51400.0
24   6.09    16800.0
23   6.08    87700.0
22   6.07     1000.0
21   6.06    21800.0
20   6.05    14700.0
19   6.03     5000.0
Offer side:
   price  order_qty
0   6.17    13500.0
1   6.19    23500.0
2   6.20     5600.0
3   6.21     3000.0
4   6.22     2100.0
5   6.23     2000.0
6   6.24    15500.0
7   6.25    12500.0
8   6.26     5500.0
9   6.27     3000.0
Stock Code: 000566
Order book at 2020-01-10 10:30:00
Bid side:
    price  order_qty
32   6.09   136500.0
31   6.08   174700.0
30   6.07   110900.0
29   6.06    56700.0
28   6.05    84800.0
27   6.04    12000.0
26   6.03   120000.0
25   6.02    19700.0
24   6.01    49600.0
23   6.00    36600.0
Offer side:
   price  order_qty
0   6.10    57000.0
1   6.11    41300.0
2   6.12    96600.0
3   6.13    90561.0
4   6.14    84600.0
5   6.15    49900.0
6   6.16    54200.0
7   6.17    40200.0
8   6.18    46400.0
9   6.19    39900.0
Stock Code: 000566
Order book at 2020-01-10 13:30:00
Bid side:
    price  order_qty
35   6.09    42800.0
34   6.08    43400.0
33   6.07   102793.0
32   6.06   207309.0
31   6.05   148000.0
30   6.04    36900.0
29   6.03   140600.0
28   6.02    50000.0
27   6.01    54400.0
26   6.00   205000.0
Offer side:
   price  order_qty
0   6.10     3400.0
1   6.11    59100.0
2   6.12    85900.0
3   6.13   106353.0
4   6.14   109900.0
5   6.15    94300.0
6   6.16   152700.0
7   6.17    65800.0
8   6.18    37700.0
9   6.19    46500.0
Stock Code: 000876
Order book at 2020-01-10 09:30:00
Bid side:
    price  order_qty
89  20.77      100.0
88  20.76      900.0
87  20.75     3700.0
86  20.73     3000.0
85  20.72      600.0
84  20.71    32700.0
83  20.70     6400.0
82  20.69      100.0
81  20.68    36300.0
80  20.66     5000.0
Offer side:
   price  order_qty
0  20.79     7100.0
1  20.80   199171.0
2  20.81    15200.0
3  20.83     1200.0
4  20.85      900.0
5  20.86     5000.0
6  20.89     5000.0
7  20.90    15500.0
8  20.91     6500.0
9  20.92     5200.0
Stock Code: 000876
Order book at 2020-01-10 10:30:00
Bid side:
     price  order_qty
112  20.20     4600.0
111  20.19    17300.0
110  20.18    81100.0
109  20.17    21400.0
108  20.16    59400.0
107  20.15    64800.0
106  20.14    14600.0
105  20.13    29100.0
104  20.12    75500.0
103  20.11    51500.0
Offer side:
   price  order_qty
0  20.21   146500.0
1  20.22      100.0
2  20.23    13000.0
3  20.24     1100.0
4  20.25    17700.0
5  20.26    13500.0
6  20.27   157200.0
7  20.28     3000.0
8  20.29    27623.0
9  20.30    40300.0
Stock Code: 000876
Order book at 2020-01-10 13:30:00
Bid side:
     price  order_qty
122  20.19     1700.0
121  20.18    65605.0
120  20.17    95400.0
119  20.16    65500.0
118  20.15   134100.0
117  20.14    34900.0
116  20.13   178100.0
115  20.12   112400.0
114  20.11    78100.0
113  20.10   271000.0
Offer side:
   price  order_qty
0  20.20    51800.0
1  20.21     3500.0
2  20.22     3200.0
3  20.23    18900.0
4  20.24     7500.0
5  20.25    12100.0
6  20.26    35500.0
7  20.27    29900.0
8  20.28    34900.0
9  20.29    67723.0
Stock Code: 002304
Order book at 2020-01-10 09:30:00
Bid side:
      price  order_qty
181  116.15      514.0
180  116.10      200.0
179  116.08      100.0
178  116.00     3000.0
177  115.98     2300.0
176  115.90     1700.0
175  115.89     3500.0
174  115.88      200.0
173  115.80      500.0
172  115.78      100.0
Offer side:
    price  order_qty
0  116.18      100.0
1  116.50      200.0
2  116.59      400.0
3  116.60     3700.0
4  116.91      100.0
5  117.00      600.0
6  117.30      200.0
7  117.48      100.0
8  117.50     1100.0
9  117.55      300.0
Stock Code: 002304
Order book at 2020-01-10 10:30:00
Bid side:
      price  order_qty
253  116.82     2000.0
252  116.81     2600.0
251  116.80     9100.0
250  116.78      300.0
249  116.75      800.0
248  116.74      100.0
247  116.72      200.0
246  116.71     2400.0
245  116.70     5200.0
244  116.69     2100.0
Offer side:
    price  order_qty
0  116.85      200.0
1  116.91     2600.0
2  116.97      100.0
3  116.99      200.0
4  117.00      700.0
5  117.01      300.0
6  117.03      600.0
7  117.04    20600.0
8  117.06      200.0
9  117.14     3200.0
Stock Code: 002304
Order book at 2020-01-10 13:30:00
Bid side:
      price  order_qty
288  117.64     1900.0
287  117.63     1300.0
286  117.62      100.0
285  117.61      100.0
284  117.60     1200.0
283  117.59      500.0
282  117.58     6100.0
281  117.57      100.0
280  117.56      800.0
279  117.52      600.0
Offer side:
    price  order_qty
0  116.85      800.0
1  117.70     5000.0
2  117.74      200.0
3  117.77     6900.0
4  117.78      300.0
5  117.80     8200.0
6  117.85      500.0
7  117.87      100.0
8  117.88      400.0
9  117.90      300.0
Stock Code: 002841
Order book at 2020-01-10 09:30:00
Bid side:
    price  order_qty
59  85.50     2225.0
58  85.49      100.0
57  85.44      200.0
56  85.43      500.0
55  85.24      100.0
54  85.18      400.0
53  85.10     1700.0
52  85.04      100.0
51  85.01      500.0
50  85.00      400.0
Offer side:
   price  order_qty
0  85.51      400.0
1  85.59      200.0
2  85.60      600.0
3  85.80      100.0
4  85.85      100.0
5  85.89      300.0
6  85.90     1000.0
7  85.93      300.0
8  85.95      700.0
9  85.96     1100.0
Stock Code: 002841
Order book at 2020-01-10 10:30:00
Bid side:
     price  order_qty
111  86.21     2600.0
110  86.20      900.0
109  86.19      300.0
108  86.18      300.0
107  86.16      200.0
106  86.15      300.0
105  86.14      400.0
104  86.12      200.0
103  86.11     1600.0
102  86.10      500.0
Offer side:
   price  order_qty
0  86.29      200.0
1  86.31      100.0
2  86.34      400.0
3  86.36     2900.0
4  86.37      300.0
5  86.38      200.0
6  86.40      200.0
7  86.41      400.0
8  86.46      400.0
9  86.49      100.0
Stock Code: 002841
Order book at 2020-01-10 13:30:00
Bid side:
     price  order_qty
105  84.63      500.0
104  84.62      400.0
103  84.61      300.0
102  84.60     1100.0
101  84.59      400.0
100  84.57      700.0
99   84.55     1200.0
98   84.54      100.0
97   84.53     2200.0
96   84.52     2800.0
Offer side:
   price  order_qty
0  84.66     1300.0
1  84.68     2500.0
2  84.69      100.0
3  84.70     2700.0
4  84.75      200.0
5  84.76      100.0
6  84.77      100.0
7  84.80     2200.0
8  84.84      300.0
9  84.85      500.0
Stock Code: 002918
Order book at 2020-01-10 09:30:00
Bid side:
    price  order_qty
32  20.58     1000.0
31  20.50      500.0
30  20.40     4000.0
29  20.38      100.0
28  20.36     1500.0
27  20.35     3400.0
26  20.31     1900.0
25  20.30     7000.0
24  20.25     1500.0
23  20.22     2000.0
Offer side:
   price  order_qty
0  20.65      400.0
1  20.75      500.0
2  20.78     5000.0
3  20.80    13600.0
4  20.83     5000.0
5  20.85     8200.0
6  20.90     2600.0
7  20.92     3500.0
8  20.95     5000.0
9  20.98     1200.0
Stock Code: 002918
Order book at 2020-01-10 10:30:00
Bid side:
    price  order_qty
52  20.49      400.0
51  20.48      600.0
50  20.47      700.0
49  20.46      600.0
48  20.45     6700.0
47  20.44     6800.0
46  20.43    10100.0
45  20.42     2500.0
44  20.41     1400.0
43  20.40    17700.0
Offer side:
   price  order_qty
0  20.53     3700.0
1  20.55      700.0
2  20.56      600.0
3  20.57     2000.0
4  20.58     4635.0
5  20.59     1100.0
6  20.60    15840.0
7  20.62     4500.0
8  20.63     2000.0
9  20.65     5300.0
Stock Code: 002918
Order book at 2020-01-10 13:30:00
Bid side:
    price  order_qty
49  20.40     2660.0
48  20.39      500.0
47  20.38     4200.0
46  20.36     9200.0
45  20.35    13600.0
44  20.34     1400.0
43  20.33     4600.0
42  20.32     2000.0
41  20.31     7300.0
40  20.30     8400.0
Offer side:
   price  order_qty
0  20.41    13358.0
1  20.44      300.0
2  20.46      900.0
3  20.50     9030.0
4  20.52     1075.0
5  20.53      400.0
6  20.55     1700.0
7  20.56      800.0
8  20.57     2700.0
9  20.58     6135.0
